..9-

Gnatus:

Asin 10, 66, 72, 76, 82, 283, 825, 829, 830, 836, 882,
411694, Bacch 327, 453, 492, 778, 863, 812, 1081,10182,
0511119130, 144, 310, 399, 407, 711, 879, 881 , 898, 976,
978, 9941 1006 (bis), 1021, Cas 291, 0111 319, Epid 219,
242, 267, 406, 487, 702, Mero 55, 329, 367, 680, Most 485,
489, 016,1027,1,120 1154, Poen 68 1047, 1196, Pseud 199,
438, 487, 498, 528, 1072, 'pin 154, 281, 353, 362, 442 ,521,
570, 875, 898, 955, 1081, 1140, 180.

Andr 49, 98,149 163, 185, 527, 528, 530, 535, 540,

552, 596, 831, 851, 869, Η511131, 148, 429, 431, 528, 540, “

670, 712, 843, 882, 888, 894,1003,1028,1060, 1065911611
64, 422, 442, 577, 1030, 1045, Hec 233, 240, 259, 352, 456,
512, 577, 605, 606, 758, 780, 818, Ad 383, 692, 756.

Com p 6 Naeu 2, p 45 anc 65, p 58 Caec 140,p257
.N0u 7 †, p 261 Nou 41 †.

'rrag p 6 Naeu 1, p20 Eun 93, p51 Eun 247, p 76
Pac 1a, 585 Pae 67, p 101 Pac 198, p 112 Pac 283, p117
Pae 316, p 118 Pac 339, p 131 Pac 400, p 153 411131,
p 165 Aee 226, p 105 Ace 230, p 173 Aee 279 †, p 212
Aac 590, p 2601111 169. - Ace 1116 11.

CILI 1007, (1346, 1349, 1351, 1353,1354, 1359, 1362,
1364, 1366, 1368, 1372, 1376, 1377, 1379, 1380, 1382,

1383, 1392).

Gnata:

Aul 224, 387, 787, 792, 798, 807, cist 181, 548, Epid
353, 532, 596, Men 835, 11615131, 142, 157, 332, 740, 752,
Poen 952, 1104, 1131, 1276, Rud 1179, 1411, 'Prin 1, 9, 15,
113, 1143, 1157, 'Pruc 841, Frgm p 165, 82.

Andr 109, 242, 392, 540, 592, 741, 774, (ΑΕ8 20),

Haut 615, 880, Phorm 736, 749, 817, Hec 124, 318, 446,

556, 572, 812, 40 340.
Com p 11411515, p 190 Afr 208, p· 202 Asr 301.

 

