„30-

Amph 103 195, 47,6, 508, 516, 522, 528, 529, 616, 654,
676 727, 898, 932, 793, 1015, 1045, 1049,1084,1086, 1090,
1091, 1098, 1106, 1120,1141,1145,115551Χ5117,,4515
19, 21, 42, 00, 85, 05, 96, 365, 743, 811, 813, 815, 857,
859, 884, 886, 893, 894, 903, 905, 926 (515), 927, 928, 933,
934, 937, 942, Bacch 917, 961, 1009, 1096, Cas 54, 58, 80,
90, 109, 227, 220 249, 277, 279, 289, 295, 304, 318, 319,
329, 340, 359, 364, 387 (515),409, 412, 419, 451, 468, 480,
481, 483, 485, 497, 519, 539, 542, 551, 553, 574, 582, 592,
597, 600 (515), 610, 614 (515), 696, 705, 780, 787, 829, 835,
939, 944, 949, 969, 979 (515),1000, 1003, 1008, 1016, 0155
176, 604 (515), 61], 613, 780, Cure 674, 85111174, 267, Men
125, 126, 127, 130, 151, 152, 161, 189, 191, 205, 318, 393,
394, 398, 399, 421, 429, 481, 507, 509, 519, 532, 601, 606
615, 626, 637, 638, 655, 666, 668, 679, 688, 691, 740. 769,
907, 936, 963, 1138, 1160, Mero 239, 241, 244, 275, 279, 410,
538, 545, 556, 586, 705, 713, 760, 763, 765, 766, 789, 796,
800 (515), 807, 808, 809, 811, 812, 813 859, 965, 1003, 5111
673, 680, 685, 689, 700, 793, 796, 800, 908, 932, 909, 1402,
Most 281, 692, 699, 703, 1027, 11511895, 904, 1046, 1203,
1205, Stich 108, 140, 203, 515, 525, 534, 536, 609 664,

'Prin 40, 51, 55, 111, 375 (515), 378, 800, 1157, 1186, Truc
392, 847, 8151551551165.

Andr 146, 172, 216, 242, 273, 395, 423, 446 (515), 520,
528, 581, 891, 949, 8511198104, 604, 622, 703, 774 854,
879, 948, Ρ55151 115, 169, 244, 425, 585, 665, 680, 681, 691,
719, 744, 740, 754, 776, 797, 860, 872, 936, 941, 959, 1010,
1041, Hec 167, 174, 299, 302, 320 341, 366, 501, 514, 522,
558, 577, 602, 607, 614, 632, 644, 654, 667, 678, 695, 698,
709, 745, 774, 779, 781, 819, 862, 411 30, 32, 44, 699, 700,
759, 904, 929, 973.

Com p 59 Gaea 143, 5 62 Gaea 158, (5 81 anc 289),
5 114 Ino 15, 5 138 11138, 5139 111415 144 'sit 70, 5 177
‚111- 99, 5 192 511222, 5 195 Afr 241, 5212 411· 370, 5 230
Pomp 31, 5 23815155 82, 5 240 Pom 99, 5 268 Nou 86.

 

